[
    {
        "R_target2cam": [
            [
                0.22439787920491847,
                0.6395835756818226,
                -0.7352403970990642
            ],
            [
                -0.8223204233729154,
                -0.2805720756431765,
                -0.49504386843295944
            ],
            [
                -0.5229098518025119,
                0.7156899888131273,
                0.4629828579985887
            ]
        ],
        "t_target2cam": [
            0.3073038623715918,
            -0.2139297791169884,
            0.702200899318393
        ],
        "R_base2gripper": [
            [
                -0.243873099150123,
                0.24552627377573458,
                0.9382125347684912
            ],
            [
                0.7387815811623453,
                -0.5796947496366198,
                0.34373794172159966
            ],
            [
                0.628273576434804,
                0.7769625770457286,
                -0.040018333601998926
            ]
        ],
        "t_base2gripper": [
            0.24599619843676312,
            0.4052971781810142,
            0.436325499890001
        ]
    },
    {
        "R_target2cam": [
            [
                0.34599999024395683,
                0.5927824639830407,
                -0.7272502713271247
            ],
            [
                -0.8516534575181052,
                -0.1267942234536698,
                -0.5085367373122981
            ],
            [
                -0.3936627935792737,
                0.7953189142054752,
                0.46097443492929857
            ]
        ],
        "t_target2cam": [
            0.310248559793,
            -0.21643960166245563,
            0.7086673974080928
        ],
        "R_base2gripper": [
            [
                -0.35513043202080874,
                0.35764217807943993,
                0.863698123600664
            ],
            [
                0.6866532692543648,
                -0.527151435798464,
                0.500618269300982
            ],
            [
                0.6343419141716922,
                0.7708459224736237,
                -0.05836865366600097
            ]
        ],
        "t_base2gripper": [
            0.18090393510735187,
            0.44261010473590223,
            0.43206318461316306
        ]
    },
    {
        "R_target2cam": [
            [
                0.35033813814297055,
                0.5919336225221529,
                -0.7258634689046689
            ],
            [
                -0.8482681520635247,
                -0.12806156275380842,
                -0.5138495678112279
            ],
            [
                -0.39712004627977504,
                0.7957479642907384,
                0.45725359065828586
            ]
        ],
        "t_target2cam": [
            0.30827029133812145,
            -0.19636559763958572,
            0.7184920792756117
        ],
        "R_base2gripper": [
            [
                -0.3545659102906065,
                0.35742226973188607,
                0.8640210277299393
            ],
            [
                0.6869737712190017,
                -0.5272866466331656,
                0.5000358286558012
            ],
            [
                0.634310691157682,
                0.770855442597416,
                -0.058581854707799315
            ]
        ],
        "t_base2gripper": [
            0.163653057117271,
            0.4323527740593622,
            0.43315967989073195
        ]
    },
    {
        "R_target2cam": [
            [
                0.46012304579528374,
                0.7759683617516077,
                -0.43146249464883646
            ],
            [
                -0.672833680768324,
                -0.012323566478048716,
                -0.7396911299542601
            ],
            [
                -0.5792940710483923,
                0.6306514340503694,
                0.5164272920541602
            ]
        ],
        "t_target2cam": [
            0.10921538804435968,
            -0.08942850017279691,
            0.7413793446221363
        ],
        "R_base2gripper": [
            [
                -0.12277591310538859,
                0.4855826179689791,
                0.8655261961879205
            ],
            [
                0.4886242097547498,
                -0.7295185417468522,
                0.4785907216913973
            ],
            [
                0.8638127440612833,
                0.48167646649378537,
                -0.1477001178854537
            ]
        ],
        "t_base2gripper": [
            0.17014708500288828,
            0.3954479502935797,
            0.4536004184530707
        ]
    },
    {
        "R_target2cam": [
            [
                0.3059174108247798,
                0.8382345419768742,
                -0.45141709138122155
            ],
            [
                -0.6994160353355551,
                -0.12382234101848777,
                -0.7039071226946028
            ],
            [
                -0.6459347856167493,
                0.5310657967724157,
                0.5483952700641419
            ]
        ],
        "t_target2cam": [
            0.10926462130090597,
            -0.08993195468012634,
            0.7441838446813163
        ],
        "R_base2gripper": [
            [
                -0.08379297498632385,
                0.33215359981991366,
                0.9394959943872108
            ],
            [
                0.5061563788497077,
                -0.7979423354458626,
                0.32725181352126
            ],
            [
                0.8583614958120456,
                0.5029532934874519,
                -0.10125970115219844
            ]
        ],
        "t_base2gripper": [
            0.21003857372637524,
            0.3635980485609157,
            0.46331659791830393
        ]
    },
    {
        "R_target2cam": [
            [
                0.2942734647022287,
                0.8396044054243879,
                -0.4565824902075275
            ],
            [
                -0.6941580039128137,
                -0.14060781753998566,
                -0.7059561652471211
            ],
            [
                -0.6569229738530424,
                0.524684556699168,
                0.5414409685140873
            ]
        ],
        "t_target2cam": [
            0.11002164390193643,
            -0.07265972905059837,
            0.7565670473917643
        ],
        "R_base2gripper": [
            [
                -0.0833645900144998,
                0.3319048422964416,
                0.9396220095293046
            ],
            [
                0.5062526275587601,
                -0.798059893560907,
                0.32681597785207045
            ],
            [
                0.8583464465013911,
                0.5029309912400785,
                -0.10149776267832909
            ]
        ],
        "t_base2gripper": [
            0.19108315859565272,
            0.35684083426619756,
            0.4652806193239836
        ]
    },
    {
        "R_target2cam": [
            [
                0.3028366932912809,
                0.9066257534981487,
                -0.29380211076559104
            ],
            [
                -0.6582148283347464,
                -0.0239782132202112,
                -0.7524481942639152
            ],
            [
                -0.6892337607493288,
                0.42125382892583907,
                0.589493031900002
            ]
        ],
        "t_target2cam": [
            0.10662492497293372,
            -0.07139721603703819,
            0.7643828357864195
        ],
        "R_base2gripper": [
            [
                -0.024069567756035155,
                0.3411128144868213,
                0.9397141606365826
            ],
            [
                0.36001814906795676,
                -0.8739605041535111,
                0.32646587803539795
            ],
            [
                0.9326347560807071,
                0.3461720453367376,
                -0.10177095252408513
            ]
        ],
        "t_base2gripper": [
            0.22462552120062124,
            0.2731850138734447,
            0.5051290014022262
        ]
    },
    {
        "R_target2cam": [
            [
                0.31321593381884527,
                0.8383520389585644,
                -0.44616324095111937
            ],
            [
                -0.6558401547418868,
                -0.14883695282908982,
                -0.7400819231008748
            ],
            [
                -0.6868547664755094,
                0.5244172196320112,
                0.5032068257916464
            ]
        ],
        "t_target2cam": [
            0.11026079777376287,
            -0.07074222587899065,
            0.761781281366472
        ],
        "R_base2gripper": [
            [
                -0.02404675779800427,
                0.3411259637835261,
                0.9397099713593362
            ],
            [
                0.5166961955548547,
                -0.8004573928830849,
                0.30379763606380134
            ],
            [
                0.8558310551379539,
                0.4928499153003629,
                -0.1570100826376496
            ]
        ],
        "t_base2gripper": [
            0.22457896269523892,
            0.3569047049575901,
            0.44993865844546976
        ]
    },
    {
        "R_target2cam": [
            [
                0.3045132846051682,
                0.8425576955098066,
                -0.44426139741842985
            ],
            [
                -0.6581906563918685,
                -0.1510130741541799,
                -0.737550073739367
            ],
            [
                -0.6885177698051177,
                0.5170024962915639,
                0.5085781154266062
            ]
        ],
        "t_target2cam": [
            0.10699075823334148,
            -0.02662486510978471,
            0.7204786155892058
        ],
        "R_base2gripper": [
            [
                -0.024022690559069977,
                0.34112452348768857,
                0.9397111097638469
            ],
            [
                0.5165791062471737,
                -0.800529756315265,
                0.30380608328783276
            ],
            [
                0.8559024111002226,
                0.4927333647411344,
                -0.15698692284297383
            ]
        ],
        "t_base2gripper": [
            0.22332095652272918,
            0.38285750356787973,
            0.4931104416314432
        ]
    },
    {
        "R_target2cam": [
            [
                0.3019265780198768,
                0.9086817726789308,
                -0.28833622298677986
            ],
            [
                -0.6518683054331186,
                -0.023913246980060532,
                -0.7579550573685916
            ],
            [
                -0.6956350004542335,
                0.4168040218375365,
                0.5851208025041434
            ]
        ],
        "t_target2cam": [
            0.16427518036648678,
            -0.026220792162466627,
            0.7064817045468805
        ],
        "R_base2gripper": [
            [
                -0.02363608370815272,
                0.34097516809386696,
                0.9397751168712121
            ],
            [
                0.36081351928901956,
                -0.8737686856321585,
                0.3261010400273545
            ],
            [
                0.9323384255972793,
                0.3467913187379539,
                -0.10237598059494887
            ]
        ],
        "t_base2gripper": [
            0.24054676583073206,
            0.24732395960274844,
            0.5691289722177202
        ]
    },
    {
        "R_target2cam": [
            [
                0.30606540428749274,
                0.9059424877859662,
                -0.29256140743869197
            ],
            [
                -0.6541840179598516,
                -0.023122910034323624,
                -0.7559818791991308
            ],
            [
                -0.6916409754664902,
                0.42276889650933347,
                0.5855759738924083
            ]
        ],
        "t_target2cam": [
            0.1653660444359566,
            -0.008403360101395353,
            0.7263406721229845
        ],
        "R_base2gripper": [
            [
                -0.0231896326571077,
                0.3408847814100481,
                0.9398190287178975
            ],
            [
                0.3611362936771895,
                -0.8737375557881126,
                0.3258270415335679
            ],
            [
                0.9322246608657867,
                0.3469585701613932,
                -0.1028442135719382
            ]
        ],
        "t_base2gripper": [
            0.22156804689447882,
            0.24071524057915866,
            0.5710259958890517
        ]
    },
    {
        "R_target2cam": [
            [
                0.3018016256311776,
                0.9084041255871076,
                -0.2893401516946801
            ],
            [
                -0.6566723551971714,
                -0.021946398264310746,
                -0.7538566001057656
            ],
            [
                -0.6911564198400956,
                0.4175168262711649,
                0.5899004179471949
            ]
        ],
        "t_target2cam": [
            0.17060555906466462,
            -0.0527729130454582,
            0.7746056876542298
        ],
        "R_base2gripper": [
            [
                -0.02266088888000654,
                0.34091080676641894,
                0.9398224864010423
            ],
            [
                0.3614024737028745,
                -0.8736976684594944,
                0.3256388123825023
            ],
            [
                0.9321345053781729,
                0.34703343636934,
                -0.10340724309774506
            ]
        ],
        "t_base2gripper": [
            0.22293913510813385,
            0.22255996366508773,
            0.5238734968228167
        ]
    },
    {
        "R_target2cam": [
            [
                0.4569167411475314,
                0.8488792246192949,
                -0.2657652228356159
            ],
            [
                -0.6054369806479365,
                0.0779017942649174,
                -0.7920715705756751
            ],
            [
                -0.6516695129611565,
                0.522814854857865,
                0.549537508653339
            ]
        ],
        "t_target2cam": [
            0.16954669343765438,
            -0.052219100711871067,
            0.7700650385438992
        ],
        "R_base2gripper": [
            [
                -0.03289763033267877,
                0.4988237097639414,
                0.8660788950758663
            ],
            [
                0.35684309106714146,
                -0.8035720052904904,
                0.4763769942714149
            ],
            [
                0.9335848939845492,
                0.32472594428342033,
                -0.15156617971400757
            ]
        ],
        "t_base2gripper": [
            0.21027517468223123,
            0.2587686869062064,
            0.5123793067456952
        ]
    },
    {
        "R_target2cam": [
            [
                0.30719029141786114,
                0.9051375915476036,
                -0.29387083085262655
            ],
            [
                -0.6476659808461227,
                -0.027405518243121207,
                -0.7614313592336842
            ],
            [
                -0.6972538290416481,
                0.4242344610439246,
                0.5778081168948139
            ]
        ],
        "t_target2cam": [
            0.1688231498736345,
            -0.05226683073195299,
            0.7668041614166163
        ],
        "R_base2gripper": [
            [
                -0.022225509639489962,
                0.3408391374529555,
                0.9398588772265708
            ],
            [
                0.36153729692922537,
                -0.873728439163642,
                0.3254065111914253
            ],
            [
                0.9320927044293256,
                0.3470263635186689,
                -0.1038070005955022
            ]
        ],
        "t_base2gripper": [
            0.22298152701458482,
            0.22255061816678162,
            0.5238119808431727
        ]
    }
]