[{"R_target2cam": [[0.3998438355837714, 0.5833453047713323, -0.7069887994493971], [-0.7995238840201924, -0.1552011569784975, -0.5802362964808403], [-0.4482035988553899, 0.7972583372243768, 0.40434227790239646]], "t_target2cam": [0.23859115623516616, -0.18534369834982467, 0.6425749084067486], "R_base2gripper": [[-0.29158069066705883, 0.41387157547460346, 0.8623752198691069], [0.7053451192330585, -0.5159426605665965, 0.48609817298727226], [0.6461183820355395, 0.7500089932938346, -0.14148337843769987]], "t_base2gripper": [0.20554333740177638, 0.5210036485348611, 0.3973215795803271]}, {"R_target2cam": [[0.43671318407113513, 0.6903184945536476, -0.576837906985694], [-0.7432008821510785, -0.08444250259498962, -0.6637182478471975], [-0.50688661811919, 0.718560950673414, 0.47616815993828254]], "t_target2cam": [0.2342269000146948, -0.18366756650686622, 0.6402541145706186], "R_base2gripper": [[-0.21492056805317558, 0.45831960090399787, 0.8624107448628527], [0.6050615637234488, -0.6306746934541937, 0.4859526058588366], [0.7666222365234623, 0.626252803956724, -0.14176661103414223]], "t_base2gripper": [0.25376773450420054, 0.4511742970666871, 0.4511077983436047]}, {"R_target2cam": [[0.3996121286681881, 0.5819319766332867, -0.7082833622166733], [-0.7995517235615378, -0.1566480032317468, -0.5798089723635544], [-0.44836055577074796, 0.7980078806974168, 0.40268627288965736]], "t_target2cam": [0.2387726708977838, -0.1858828544410489, 0.6434738030268223], "R_base2gripper": [[-0.29128996512003263, 0.41395851032967107, 0.8624317410357818], [0.705615871641195, -0.5157695377602636, 0.48588890253493217], [0.6459538667028838, 0.7500800861536079, -0.14185720442539893]], "t_base2gripper": [0.20553454095644214, 0.5210186201189364, 0.39713945218875335]}, {"R_target2cam": [[0.398901331756178, 0.5821006410480472, -0.708545391075688], [-0.8025312358830685, -0.1522155352373012, -0.576865709038435], [-0.4436455149724181, 0.798742307959128, 0.406434967148477]], "t_target2cam": [0.2433052054736159, -0.23111402315267618, 0.6895808488033718], "R_base2gripper": [[-0.2908481936584753, 0.41402812652505433, 0.8625474124311984], [0.7056432695080953, -0.5159873618233491, 0.48561777009959795], [0.6461229793495413, 0.749891827455623, -0.14208216873252744]], "t_base2gripper": [0.2203402410303145, 0.4853654905872666, 0.3645529282014069]}, {"R_target2cam": [[0.3974134544833917, 0.5812482176249057, -0.7100796122291131], [-0.8034372920543398, -0.15345246409302285, -0.5752745944331008], [-0.44334079885790584, 0.7991263046425453, 0.40601242012576877]], "t_target2cam": [0.30703682135691507, -0.23322689871974306, 0.6895355627599973], "R_base2gripper": [[-0.2908260791570982, 0.4138818112452843, 0.8626250854238081], [0.7060145615776744, -0.5156530289959561, 0.4854332008913068], [0.645727210610172, 0.7502025059992924, -0.14224123688293774]], "t_base2gripper": [0.2412070594888837, 0.45941593887984994, 0.4021895214823081]}, {"R_target2cam": [[0.40130916882474865, 0.5836062896399905, -0.7059423841290685], [-0.799690969000515, -0.1525429562611318, -0.58071077189435], [-0.44659299716431594, 0.7975803064192081, 0.40548779228977444]], "t_target2cam": [0.2435680925257956, -0.23097146974651506, 0.6889093832504113], "R_base2gripper": [[-0.29058754567676726, 0.41404518131137197, 0.8626270724538999], [0.7058933252745878, -0.5158577926022679, 0.4853919562006572], [0.645967097947208, 0.7499715498899601, -0.1423698799792761]], "t_base2gripper": [0.2203320840346432, 0.48538590748440114, 0.36433969466140537]}, {"R_target2cam": [[0.39975125035787795, 0.6981450852640684, -0.5939632798068748], [-0.7988040267450944, -0.05247918077011173, -0.5992979746682949], [-0.44956764195517357, 0.7140303743590499, 0.5367024872306259]], "t_target2cam": [0.23892114906197576, -0.23091394493318673, 0.6858642361943874], "R_base2gripper": [[-0.2903182115114812, 0.4140065969120607, 0.8627362712776537], [0.5828203934872388, -0.6385606549531, 0.5025541551726024], [0.7589701739858787, 0.6487209166191287, -0.05590570043101585]], "t_base2gripper": [0.220441487837483, 0.41449436400808737, 0.4432257305158767]}, {"R_target2cam": [[0.25846855850278355, 0.7544779595250715, -0.6032884988596893], [-0.7914135720804913, -0.19273368332320895, -0.5801019610719014], [-0.5539481583977782, 0.6273888235405164, 0.5472884997002556]], "t_target2cam": [0.23840075596407415, -0.23043912554500484, 0.6851941341552225], "R_base2gripper": [[-0.19965528488548914, 0.2848164809743345, 0.937559245798734], [0.6257264878078859, -0.6992667878921341, 0.34567661449196246], [0.754058439162975, 0.6556718169300961, -0.03860490656230688]], "t_base2gripper": [0.2802026470142989, 0.37090621172637916, 0.4479567369306026]}, {"R_target2cam": [[0.25988831305149024, 0.7520324312010054, -0.6057270731617955], [-0.786402866878318, -0.1991948136234024, -0.5847152787392345], [-0.560382544075753, 0.62830617428722, 0.5396320558007502]], "t_target2cam": [0.23688034615221146, -0.2115490959142198, 0.6940994384482462], "R_base2gripper": [[-0.19926229012628466, 0.2846843037846393, 0.9376829884946637], [0.6258565793309286, -0.6993282921532952, 0.3453164952650605], [0.7540544289650565, 0.655663623340971, -0.03882178751129226]], "t_base2gripper": [0.261269929610591, 0.363794116291511, 0.44864875958570405]}, {"R_target2cam": [[0.26181439268983353, 0.7528496539882444, -0.603879642205493], [-0.7847661117774954, -0.19814624627322258, -0.5872650295168809], [-0.5617787585750149, 0.6276587158461293, 0.5389333565815935]], "t_target2cam": [0.23823866502496976, -0.1923975247352831, 0.7129840095107787], "R_base2gripper": [[-0.1986306852642576, 0.28439849397690126, 0.9379036984121141], [0.6261092471150774, -0.699415775280767, 0.34468069856810124], [0.7540113139392819, 0.6556943418332004, -0.03913909221588878]], "t_base2gripper": [0.24253474215322504, 0.35664256275072237, 0.44929253822787685]}]