[
    {
        "R_target2cam": [
            [
                0.9970745301034907,
                0.05244911681087849,
                0.05560100327029083
            ],
            [
                0.003685602828169987,
                0.6935877911699238,
                -0.7203626810654612
            ],
            [
                -0.0763465634504727,
                0.7184602049423373,
                0.6913654143530162
            ]
        ],
        "t_target2cam": [
            0.13925564741627913,
            0.029630576491919396,
            0.6442947555730532
        ],
        "R_base2gripper": [
            [
                -0.02496108440566892,
                0.9996832511282919,
                0.0032158480781171624
            ],
            [
                0.005010089387734933,
                -0.0030917143804343665,
                0.999982670003094
            ],
            [
                0.9996758691043913,
                0.02497676351648214,
                -0.004931329903965969
            ]
        ],
        "t_base2gripper": [
            0.03167377933058462,
            0.25550370270257217,
            0.684959330028534
        ]
    },
    {
        "R_target2cam": [
            [
                0.9966415093655635,
                0.053367755743851,
                0.06210945545080628
            ],
            [
                0.007059835127877445,
                0.6996436862142247,
                -0.7144570463425629
            ],
            [
                -0.08158345749904339,
                0.7124960315590794,
                0.696917171889935
            ]
        ],
        "t_target2cam": [
            0.13516009620449299,
            0.07333231835114706,
            0.6009303829589505
        ],
        "R_base2gripper": [
            [
                -0.02504241094657554,
                0.9996809304885752,
                0.003303766256744313
            ],
            [
                0.004861723657607083,
                -0.003182976785087784,
                0.9999831160083967
            ],
            [
                0.9996745676954375,
                0.025058050129289015,
                -0.0047804630171293895
            ]
        ],
        "t_base2gripper": [
            0.030339651429950695,
            0.2556151508791696,
            0.7353959415323861
        ]
    },
    {
        "R_target2cam": [
            [
                0.9969971970962389,
                0.05769251599665909,
                0.051654260039399144
            ],
            [
                0.01037705882997525,
                0.5614902001597557,
                -0.827418317282496
            ],
            [
                -0.07673920531437542,
                0.8254697624519831,
                0.5592054771237357
            ]
        ],
        "t_target2cam": [
            0.1351195136964146,
            0.07809392569633276,
            0.6036126297222024
        ],
        "R_base2gripper": [
            [
                -0.025048004757382215,
                0.9996809084494005,
                0.003267834061799773
            ],
            [
                0.17901005543979218,
                0.0012692028510092276,
                0.9838464256049139
            ],
            [
                0.983528340979108,
                0.025228365105656188,
                -0.17898472584267913
            ]
        ],
        "t_base2gripper": [
            0.030324834988395964,
            0.3796252216999002,
            0.6794926306126392
        ]
    },
    {
        "R_target2cam": [
            [
                0.9971542595280853,
                0.05751541865142357,
                0.048737658154113225
            ],
            [
                0.008126452562351116,
                0.5607170423205032,
                -0.8279676075910817
            ],
            [
                -0.07494893911022082,
                0.8260074909277149,
                0.5586539908186047
            ]
        ],
        "t_target2cam": [
            0.13870577661027939,
            0.033950325962102915,
            0.6485061984493954
        ],
        "R_base2gripper": [
            [
                -0.02494484951580739,
                0.9996838669102869,
                0.00314971775397006
            ],
            [
                0.17938288158558305,
                0.0013764899336509819,
                0.9837783729425623
            ],
            [
                0.9834630324911489,
                0.025105208916846478,
                -0.17936050905524067
            ]
        ],
        "t_base2gripper": [
            0.03153397890427203,
            0.370697327221229,
            0.6298121506075072
        ]
    },
    {
        "R_target2cam": [
            [
                0.997234156699894,
                0.057164825663164054,
                0.04749967808260867
            ],
            [
                0.007588618883480253,
                0.557437903667746,
                -0.83018395336091
            ],
            [
                -0.07393544193749496,
                0.8282482515897082,
                0.5554623157011633
            ]
        ],
        "t_target2cam": [
            0.20037810506503845,
            0.03362294074583368,
            0.6369870709932407
        ],
        "R_base2gripper": [
            [
                -0.02541035533634767,
                0.9996722228763895,
                0.0031242040680546247
            ],
            [
                0.1795989634024417,
                0.0014907614129183008,
                0.9837387813719546
            ],
            [
                0.9834116768609416,
                0.025558255804887305,
                -0.1795779757480382
            ]
        ],
        "t_base2gripper": [
            0.08173339467302604,
            0.370813504142108,
            0.6311161009215152
        ]
    },
    {
        "R_target2cam": [
            [
                0.9919825531757075,
                0.026538911758508643,
                -0.12355687094483955
            ],
            [
                -0.11713692233257733,
                0.5600286131976839,
                -0.8201505311992002
            ],
            [
                0.04742948051009421,
                0.828048089522917,
                0.5586473000167367
            ]
        ],
        "t_target2cam": [
            0.2042494915104093,
            0.03313974417433424,
            0.6363651429279427
        ],
        "R_base2gripper": [
            [
                -0.19872175118549223,
                0.9800506981657275,
                0.0032085246829759912
            ],
            [
                0.17683850811653715,
                0.0326365123008052,
                0.9836986327691813
            ],
            [
                0.9639698167748245,
                0.19604970566085875,
                -0.17979628821920077
            ]
        ],
        "t_base2gripper": [
            -0.03912676696046692,
            0.37184192935993887,
            0.634511019884836
        ]
    },
    {
        "R_target2cam": [
            [
                0.9920316346759852,
                0.05190633786029886,
                -0.11479968594044772
            ],
            [
                -0.1186369639425287,
                0.6915702936752681,
                -0.7124996839945985
            ],
            [
                0.042408803196884226,
                0.7204417124208149,
                0.6922176192611482
            ]
        ],
        "t_target2cam": [
            0.20376754268019875,
            0.0298547881190318,
            0.6341687387096037
        ],
        "R_base2gripper": [
            [
                -0.19852984024684642,
                0.9800892334825122,
                0.0033161639319124526
            ],
            [
                0.0070476877187116965,
                -0.0019558412120851674,
                0.9999732520337594
            ],
            [
                0.9800695039788663,
                0.19854790126519792,
                -0.006519070010672794
            ]
        ],
        "t_base2gripper": [
            -0.03901262708817294,
            0.25590330857628063,
            0.6893432026314658
        ]
    },
    {
        "R_target2cam": [
            [
                0.9579258721100659,
                0.05168568924647948,
                -0.28232359637353455
            ],
            [
                -0.23749604221289533,
                0.6950752065287965,
                -0.6785765153629771
            ],
            [
                0.16116343715427747,
                0.7170767370345147,
                0.6781056700312664
            ]
        ],
        "t_target2cam": [
            0.20903130965320382,
            0.028871979333041677,
            0.6376819517683046
        ],
        "R_base2gripper": [
            [
                -0.36585177123642315,
                0.9306671773139737,
                0.0033296476709344914
            ],
            [
                0.00752223004889379,
                -0.0006205565783536978,
                0.9999715150766169
            ],
            [
                0.9306427335654985,
                0.3658663963525124,
                -0.006773660883367223
            ]
        ],
        "t_base2gripper": [
            -0.15857557693435245,
            0.2562263434129872,
            0.6718254488460949
        ]
    },
    {
        "R_target2cam": [
            [
                0.9568394795850993,
                -0.008495424221451664,
                -0.29049275046825757
            ],
            [
                -0.23427516843746354,
                0.5689369633274355,
                -0.7883057003557412
            ],
            [
                0.17196905466075535,
                0.8223372541281679,
                0.5423910809665211
            ]
        ],
        "t_target2cam": [
            0.20873379212293655,
            0.032336118257894286,
            0.6380628942527165
        ],
        "R_base2gripper": [
            [
                -0.36567645990196646,
                0.9307358577461696,
                0.0033896576622685784
            ],
            [
                0.16949488110200917,
                0.0630109064342214,
                0.9835146724632803
            ],
            [
                0.915178786879253,
                0.36022269331045714,
                -0.18079656874614367
            ]
        ],
        "t_base2gripper": [
            -0.15847823400162925,
            0.369187602514195,
            0.6169642939261162
        ]
    },
    {
        "R_target2cam": [
            [
                0.714957949761394,
                -0.6946674870063746,
                -0.07919730152746346
            ],
            [
                0.5303818894740603,
                0.6126751614265297,
                -0.5859387321972336
            ],
            [
                0.4555548061330377,
                0.3769167402321417,
                0.8064760315978812
            ]
        ],
        "t_target2cam": [
            -0.06083976956476208,
            0.050139753833852795,
            0.6903825165766664
        ],
        "R_base2gripper": [
            [
                -0.0008126667984263408,
                0.6792455267558395,
                -0.7339106580196645
            ],
            [
                -0.21300632369042874,
                0.7169506565796979,
                0.6637846503933549
            ],
            [
                0.9770504826469116,
                0.1568670469286719,
                0.14410095054271785
            ]
        ],
        "t_base2gripper": [
            -0.24867474377803103,
            -0.08168523837562133,
            0.6830747354494408
        ]
    },
    {
        "R_target2cam": [
            [
                0.716073822105587,
                -0.6938722352180492,
                -0.07602369688855831
            ],
            [
                0.5309893037081916,
                0.6121742922517257,
                -0.5859121053994262
            ],
            [
                0.453087895051926,
                0.3791885508551206,
                0.8068007202883549
            ]
        ],
        "t_target2cam": [
            -0.05937781163904043,
            0.06821642099970718,
            0.7093387303614174
        ],
        "R_base2gripper": [
            [
                -0.0011857339673961877,
                0.6793333664364217,
                -0.7338288433150587
            ],
            [
                -0.21271530630943813,
                0.7168637335898412,
                0.6639718261532752
            ],
            [
                0.9771135003143905,
                0.15688392113212737,
                0.1436545954488333
            ]
        ],
        "t_base2gripper": [
            -0.23385254660460486,
            -0.09504790589165918,
            0.6800355409083653
        ]
    },
    {
        "R_target2cam": [
            [
                0.7128179608499012,
                -0.6964185509734114,
                -0.08301660406137695
            ],
            [
                0.531750430724574,
                0.6138268915543559,
                -0.583487811894085
            ],
            [
                0.45730956048831894,
                0.37177647728818364,
                0.8078676975973043
            ]
        ],
        "t_target2cam": [
            -0.062541417557787,
            0.11236072541946035,
            0.6628063496270903
        ],
        "R_base2gripper": [
            [
                -0.0013866444016257789,
                0.6793338166310994,
                -0.7338280744143871
            ],
            [
                -0.21283896192278845,
                0.7168142491810036,
                0.6639856236837541
            ],
            [
                0.9770863081145561,
                0.15710791753599798,
                0.14359473786517668
            ]
        ],
        "t_base2gripper": [
            -0.2339424369411645,
            -0.10583559192656375,
            0.729154613943382
        ]
    },
    {
        "R_target2cam": [
            [
                0.7160462636620464,
                -0.668497584581563,
                -0.2009694695824193
            ],
            [
                0.5287923783928663,
                0.7073999069421153,
                -0.4690031899805187
            ],
            [
                0.45569328374383433,
                0.229556858026291,
                0.8600274879815519
            ]
        ],
        "t_target2cam": [
            -0.059943512723479926,
            0.10923269958535806,
            0.6629745668859413
        ],
        "R_base2gripper": [
            [
                -0.0016625798003125224,
                0.679384984832016,
                -0.7337801293393061
            ],
            [
                -0.3793062912836931,
                0.6785179395278459,
                0.6290788051838152
            ],
            [
                0.9252696759437314,
                0.2793733131916642,
                0.25656690873005145
            ]
        ],
        "t_base2gripper": [
            -0.23392967057209121,
            -0.23095137268553861,
            0.6994467316559507
        ]
    },
    {
        "R_target2cam": [
            [
                0.7171160830149704,
                -0.6673620350920049,
                -0.2009289366893765
            ],
            [
                0.5276039254375843,
                0.7081897953493375,
                -0.4691495621077732
            ],
            [
                0.4553884290845761,
                0.2304238005956,
                0.8599571214746472
            ]
        ],
        "t_target2cam": [
            -0.05831912172466519,
            0.12695456365371133,
            0.6801991025500356
        ],
        "R_base2gripper": [
            [
                -0.0019463092483718233,
                0.6794577051105739,
                -0.7337120953386158
            ],
            [
                -0.3791172387682475,
                0.6784392053771222,
                0.629277652452396
            ],
            [
                0.9253466005497881,
                0.279387672550403,
                0.25627367652144745
            ]
        ],
        "t_base2gripper": [
            -0.21907908261942982,
            -0.24363294222436815,
            0.6941902624330782
        ]
    },
    {
        "R_target2cam": [
            [
                0.7136520117463988,
                -0.6953589984423169,
                -0.08471522540615173
            ],
            [
                0.5303582888288462,
                0.6153548716378748,
                -0.5831453227301686
            ],
            [
                0.4576252742155479,
                0.37123341072273147,
                0.8079386506179244
            ]
        ],
        "t_target2cam": [
            -0.06119030085002102,
            0.13094126582815707,
            0.6819452465604856
        ],
        "R_base2gripper": [
            [
                -0.002283097123683074,
                0.6794952475611568,
                -0.7336763564469868
            ],
            [
                -0.21213884738328984,
                0.7166502181585133,
                0.6643866150399513
            ],
            [
                0.9772368683683669,
                0.15715811577884672,
                0.14251115656828245
            ]
        ],
        "t_base2gripper": [
            -0.2191616864804249,
            -0.11905637184900687,
            0.7258793436364903
        ]
    },
    {
        "R_target2cam": [
            [
                0.823301688838654,
                -0.5652195689388221,
                -0.05197276252069438
            ],
            [
                0.44128879882973626,
                0.6949827172316413,
                -0.5676823220576211
            ],
            [
                0.35698532908626535,
                0.44443881652926776,
                0.8216055094625612
            ]
        ],
        "t_target2cam": [
            -0.06251267450236085,
            0.1301952526756205,
            0.6816165421801362
        ],
        "R_base2gripper": [
            [
                -0.0028562997278254957,
                0.7967593283581933,
                -0.6042900083784817
            ],
            [
                -0.21147677247410657,
                0.5901438127206812,
                0.7791070882821132
            ],
            [
                0.9773788499122537,
                0.13001866397443923,
                0.16681046358817564
            ]
        ],
        "t_base2gripper": [
            -0.20959705779808027,
            -0.08228505341912265,
            0.7336757690258198
        ]
    },
    {
        "R_target2cam": [
            [
                0.7138912049591641,
                -0.6953669746813917,
                -0.08260821995661899
            ],
            [
                0.5311272860695955,
                0.614568172297411,
                -0.5832750359747674
            ],
            [
                0.45635857992843565,
                0.37251943858202735,
                0.8080631871359025
            ]
        ],
        "t_target2cam": [
            -0.06123228136811344,
            0.13138793772268131,
            0.6828583424594725
        ],
        "R_base2gripper": [
            [
                -0.002650898321646661,
                0.6795169192025088,
                -0.733655047863517
            ],
            [
                -0.2117403261281055,
                0.7166411089532434,
                0.6645235550749342
            ],
            [
                0.9773223659720736,
                0.15710594347699477,
                0.14198139136855759
            ]
        ],
        "t_base2gripper": [
            -0.21914793514468983,
            -0.11898151834945625,
            0.725739008233396
        ]
    },
    {
        "R_target2cam": [
            [
                0.6942061095835014,
                -0.7140795970829747,
                0.09037813035661119
            ],
            [
                0.6143587299908186,
                0.5224218128917674,
                -0.591302630045688
            ],
            [
                0.37502163711045877,
                0.46601049177534154,
                0.8013694486654053
            ]
        ],
        "t_target2cam": [
            -0.06561828759952046,
            0.13241038424479545,
            0.6819327353159463
        ],
        "R_base2gripper": [
            [
                0.11535334325702473,
                0.6696653718475736,
                -0.7336497092943457
            ],
            [
                -0.08364764040232348,
                0.7425054485209196,
                0.664596668041506
            ],
            [
                0.9897962812895139,
                -0.015295380511744172,
                0.14166641408763883
            ]
        ],
        "t_base2gripper": [
            -0.13108369737126666,
            -0.02802557999688693,
            0.7555020046234354
        ]
    },
    {
        "R_target2cam": [
            [
                0.6939739766642049,
                -0.7143783710234818,
                0.08979789934461913
            ],
            [
                0.6133950859736711,
                0.5212978050324782,
                -0.5932917216443132
            ],
            [
                0.3770233258251041,
                0.46681060558020426,
                0.7999632930963897
            ]
        ],
        "t_target2cam": [
            -0.06744815884674571,
            0.11483547714907845,
            0.6645185984217066
        ],
        "R_base2gripper": [
            [
                0.11504087750032704,
                0.6697052434177961,
                -0.7336623770118413
            ],
            [
                -0.08359136200093756,
                0.7424728147251588,
                0.6646402061212731
            ],
            [
                0.9898374011436338,
                -0.015132955190924308,
                0.141396297562583
            ]
        ],
        "t_base2gripper": [
            -0.14605299211666822,
            -0.014531243741799399,
            0.7582901335989293
        ]
    },
    {
        "R_target2cam": [
            [
                0.692975269333547,
                -0.7150860435156989,
                0.09185437638546246
            ],
            [
                0.615335998999559,
                0.5202388067262849,
                -0.5922104290800911
            ],
            [
                0.3756952014962568,
                0.4669084860495414,
                0.8005308121662852
            ]
        ],
        "t_target2cam": [
            -0.06845814314377516,
            0.09739268438777558,
            0.6476840201755976
        ],
        "R_base2gripper": [
            [
                0.11504109608923474,
                0.6697075848397253,
                -0.7336602054212357
            ],
            [
                -0.08341358606525431,
                0.7424679605893051,
                0.6646679630899122
            ],
            [
                0.9898523727659201,
                -0.015266902321706105,
                0.1412770392639144
            ]
        ],
        "t_base2gripper": [
            -0.1608815395409086,
            -0.001021811017959312,
            0.7611078231158216
        ]
    },
    {
        "R_target2cam": [
            [
                0.80143926496421,
                -0.5857039926743743,
                0.12102040133350611
            ],
            [
                0.5378511544841166,
                0.6173333353768404,
                -0.5741216671164817
            ],
            [
                0.26155542470713417,
                0.5252146094672174,
                0.8097767431881882
            ]
        ],
        "t_target2cam": [
            -0.06984807598320185,
            0.09646643916472916,
            0.647279286778965
        ],
        "R_base2gripper": [
            [
                0.13465693162414746,
                0.7852803685761307,
                -0.6043196616812214
            ],
            [
                -0.10450850840742963,
                0.6177278755862895,
                0.7794166045152643
            ],
            [
                0.9853656592534692,
                -0.041797301977350154,
                0.16524982030668087
            ]
        ],
        "t_base2gripper": [
            -0.1310694742306321,
            0.02403862866887896,
            0.7663000281698159
        ]
    },
    {
        "R_target2cam": [
            [
                0.7993743243455794,
                -0.5592421848072785,
                0.2196562503299858
            ],
            [
                0.538980364753154,
                0.5058847186301105,
                -0.6734840888002409
            ],
            [
                0.265519972860056,
                0.6567562943653569,
                0.7058118119044763
            ]
        ],
        "t_target2cam": [
            -0.07268085159564963,
            0.09966869619695391,
            0.6492517506810985
        ],
        "R_base2gripper": [
            [
                0.1345079371267615,
                0.7852544657676644,
                -0.6043864978983591
            ],
            [
                0.06857870183985067,
                0.6010898269123383,
                0.7962336225232242
            ],
            [
                0.9885365832906055,
                -0.1485477834719705,
                0.026999620769568848
            ]
        ],
        "t_base2gripper": [
            -0.1311107752875278,
            0.15696353827851506,
            0.7503768989269249
        ]
    },
    {
        "R_target2cam": [
            [
                0.8009954194796826,
                -0.556332282954057,
                0.22113509200417253
            ],
            [
                0.5373834129588142,
                0.5053440111576329,
                -0.6751640525560071
            ],
            [
                0.26386626432589566,
                0.6596376439608653,
                0.7037419791517736
            ]
        ],
        "t_target2cam": [
            -0.009444193134463597,
            0.10003168467887671,
            0.6440404443456113
        ],
        "R_base2gripper": [
            [
                0.13396605543907383,
                0.7853174158005921,
                -0.6044250593997363
            ],
            [
                0.06858225552295763,
                0.6011134780745959,
                0.7962154612317233
            ],
            [
                0.9886099181261934,
                -0.1481186784890484,
                0.026669961851850846
            ]
        ],
        "t_base2gripper": [
            -0.09171327025598341,
            0.1871759533420735,
            0.7428049371451902
        ]
    },
    {
        "R_target2cam": [
            [
                0.8007294906997895,
                -0.5564089350367261,
                0.22190398764995622
            ],
            [
                0.5383538013795119,
                0.5059796823822095,
                -0.6739137523130296
            ],
            [
                0.26269272404062616,
                0.6590854709578226,
                0.7046977186768952
            ]
        ],
        "t_target2cam": [
            -0.006380069909679393,
            0.05595400399767288,
            0.6904146488021219
        ],
        "R_base2gripper": [
            [
                0.1336246131963427,
                0.7853274966245866,
                -0.6044875398165688
            ],
            [
                0.06923134050164811,
                0.6010703225632685,
                0.7961918668424296
            ],
            [
                0.988610886163243,
                -0.1482403129349381,
                0.02594851403219403
            ]
        ],
        "t_base2gripper": [
            -0.0986405574853752,
            0.1838727283449324,
            0.6928300076047155
        ]
    },
    {
        "R_target2cam": [
            [
                0.7988047180613035,
                -0.5134045962747824,
                0.3135709535765855
            ],
            [
                0.5385481210301145,
                0.377982393037924,
                -0.7530572567130983
            ],
            [
                0.26809875743452194,
                0.7704187374910164,
                0.5784271995548045
            ]
        ],
        "t_target2cam": [
            -0.008760318693819958,
            0.05829764854804619,
            0.6913699160580732
        ],
        "R_base2gripper": [
            [
                0.1334711523773193,
                0.7853824131015399,
                -0.6044500944444234
            ],
            [
                0.24003577518025596,
                0.5661291766495018,
                0.7885940539845394
            ],
            [
                0.9615447353694387,
                -0.25034420412096453,
                -0.11295796273993619
            ]
        ],
        "t_base2gripper": [
            -0.09865100550786668,
            0.3015682396830846,
            0.6503941922472041
        ]
    },
    {
        "R_target2cam": [
            [
                0.7989545567377059,
                -0.5135799981862842,
                0.31290126514770034
            ],
            [
                0.5373224382827201,
                0.37592676008092935,
                -0.7549593819358552
            ],
            [
                0.270104079173136,
                0.7713071090804442,
                0.5763064548449899
            ]
        ],
        "t_target2cam": [
            0.05409130937043895,
            0.05811356809226567,
            0.6841614195394128
        ],
        "R_base2gripper": [
            [
                0.13299375142745262,
                0.785485190821106,
                -0.6044217708537505
            ],
            [
                0.23976515931725365,
                0.5662274361548578,
                0.7886058324176078
            ],
            [
                0.96167839242588,
                -0.24979893023435276,
                -0.11302727102318287
            ]
        ],
        "t_base2gripper": [
            -0.05920095841080264,
            0.3299772813028584,
            0.6378147765883024
        ]
    },
    {
        "R_target2cam": [
            [
                0.8002318882061504,
                -0.5575332866288791,
                0.22087453316038685
            ],
            [
                0.5366912085282908,
                0.5014876928206202,
                -0.6785813441569801
            ],
            [
                0.26756582701544973,
                0.6615638504711779,
                0.7005296567335941
            ]
        ],
        "t_target2cam": [
            0.05644609832041299,
            0.05578543338851748,
            0.6825458054227612
        ],
        "R_base2gripper": [
            [
                0.13269150976702332,
                0.785518102330106,
                -0.6044454269389893
            ],
            [
                0.06929251843609674,
                0.6009939554166781,
                0.7962441914647785
            ],
            [
                0.9887322742403684,
                -0.14753838979846856,
                0.02531626771749754
            ]
        ],
        "t_base2gripper": [
            -0.05932577087564117,
            0.2140083203832125,
            0.6853352734297127
        ]
    },
    {
        "R_target2cam": [
            [
                0.7556200808717911,
                -0.5291328357546721,
                0.38607866492403853
            ],
            [
                0.6305539156811375,
                0.42805800356343965,
                -0.6474319307884556
            ],
            [
                0.17731343097039595,
                0.7326559818301508,
                0.6570960047709958
            ]
        ],
        "t_target2cam": [
            0.05206818286233173,
            0.055771811306735045,
            0.684270498471309
        ],
        "R_base2gripper": [
            [
                0.26710635675877276,
                0.7504557680522715,
                -0.6045414248636154
            ],
            [
                0.1730376248310258,
                0.5797876411889421,
                0.7961810544828354
            ],
            [
                0.9480043114732614,
                -0.31727343305363215,
                0.025007880887232596
            ]
        ],
        "t_base2gripper": [
            0.033445614443519456,
            0.285288808730882,
            0.6606209989558582
        ]
    },
    {
        "R_target2cam": [
            [
                0.7531958918671496,
                -0.5294909729820825,
                0.3903014962883656
            ],
            [
                0.6343755977221113,
                0.42777638158418296,
                -0.6438749633068965
            ],
            [
                0.1739642189910418,
                0.7325617222386325,
                0.6580955657209715
            ]
        ],
        "t_target2cam": [
            -0.010810088210999396,
            0.055966895972015006,
            0.6910182952588159
        ],
        "R_base2gripper": [
            [
                0.26704777073333197,
                0.7503117233188136,
                -0.6047460673677092
            ],
            [
                0.1734200516157241,
                0.5798750938361249,
                0.7960341457790266
            ],
            [
                0.9479509343019593,
                -0.3174542382752156,
                0.024735253326887283
            ]
        ],
        "t_base2gripper": [
            -0.0044140372727811406,
            0.25614084412137733,
            0.676489513312076
        ]
    },
    {
        "R_target2cam": [
            [
                0.7548020292106509,
                -0.5287388469766865,
                0.3882127360059783
            ],
            [
                0.6324746877495591,
                0.4297185746762738,
                -0.6444514845465792
            ],
            [
                0.1739243112839067,
                0.7319680172493576,
                0.6587663892978017
            ]
        ],
        "t_target2cam": [
            -0.011968446947603347,
            0.038459039303619345,
            0.6740452933058536
        ],
        "R_base2gripper": [
            [
                0.2671141190098308,
                0.7502119384489774,
                -0.6048405532321967
            ],
            [
                0.17377391985062957,
                0.5798586090778486,
                0.7959689807134759
            ],
            [
                0.9478674338774115,
                -0.31772006686221527,
                0.024521152251077354
            ]
        ],
        "t_base2gripper": [
            -0.016641701489663874,
            0.2723823867533124,
            0.6768575086310357
        ]
    },
    {
        "R_target2cam": [
            [
                0.7548063551224709,
                -0.5283297604368548,
                0.3887608911702224
            ],
            [
                0.6321408754175285,
                0.4276677278283112,
                -0.6461410281049563
            ],
            [
                0.1751150475918363,
                0.7334630043914312,
                0.6567851561172833
            ]
        ],
        "t_target2cam": [
            -0.011133640465957911,
            0.055534538899334344,
            0.6903330805884565
        ],
        "R_base2gripper": [
            [
                0.26683012697139724,
                0.7501393920116103,
                -0.6050558452679222
            ],
            [
                0.17403684912160425,
                0.5799911554655125,
                0.7958149500540962
            ],
            [
                0.9478991816054342,
                -0.3176494170217088,
                0.024207217467453572
            ]
        ],
        "t_base2gripper": [
            -0.004449096067452529,
            0.2561735595067304,
            0.6762557914134558
        ]
    },
    {
        "R_target2cam": [
            [
                0.7563985854649141,
                -0.5276602727998241,
                0.38656929057478495
            ],
            [
                0.6295698978783246,
                0.426919883613337,
                -0.6491387807403366
            ],
            [
                0.17749062958971387,
                0.7343800443124733,
                0.6551206201330078
            ]
        ],
        "t_target2cam": [
            -0.00690298624128847,
            0.011661627846027731,
            0.7345952679721282
        ],
        "R_base2gripper": [
            [
                0.2665794698983177,
                0.7500723498124492,
                -0.6052494165842399
            ],
            [
                0.17461252834526764,
                0.5799968301479393,
                0.7956847000937088
            ],
            [
                0.947863835776851,
                -0.31779733646645514,
                0.0236432180809145
            ]
        ],
        "t_base2gripper": [
            -0.018042426232153824,
            0.2475711935704733,
            0.6283671747290066
        ]
    },
    {
        "R_target2cam": [
            [
                0.7567806297248202,
                -0.5265577201160426,
                0.3873242128495194
            ],
            [
                0.6295988023769246,
                0.42785538504048815,
                -0.6484945007765277
            ],
            [
                0.17575103561244454,
                0.7346269372123859,
                0.6553127776894803
            ]
        ],
        "t_target2cam": [
            -0.005242303061059027,
            0.02923524878651147,
            0.752090229922422
        ],
        "R_base2gripper": [
            [
                0.26613107605828845,
                0.7501146043731548,
                -0.6053943596220259
            ],
            [
                0.1749654518741107,
                0.5800205455322023,
                0.7955898801587503
            ],
            [
                0.9479247549286525,
                -0.31765428860103867,
                0.023117351206881687
            ]
        ],
        "t_base2gripper": [
            -0.00582596609558636,
            0.2314862318297381,
            0.6278480289106753
        ]
    },
    {
        "R_target2cam": [
            [
                0.6872701299822411,
                -0.4834077039785451,
                0.5421962376929454
            ],
            [
                0.7200625761883332,
                0.35497835823319324,
                -0.5962384183857055
            ],
            [
                0.09575831455917705,
                0.8001920750171537,
                0.5920498190798875
            ]
        ],
        "t_target2cam": [
            -0.009496240898807072,
            0.028857624690963906,
            0.7550078981625614
        ],
        "R_base2gripper": [
            [
                0.3923745624578909,
                0.6925560388561031,
                -0.6053167235257279
            ],
            [
                0.2731978083067446,
                0.5406450823566064,
                0.7956543548928828
